
    MATRIZ ORIGINAL A 
+---+-----+----+----+
| 0 |   2 |  3 |  4 |
+---+-----+----+----+
| 7 |  -1 | 20 | -2 |
+---+-----+----+----+
| 1 | -14 |  8 |  8 |
+---+-----+----+----+
ANTES DEL PIVOTEO TOTAL
+------------------+--------------------+-------------------+-------------------+
| 0.00000000000000 |   2.00000000000000 |  3.00000000000000 |  4.00000000000000 |
+------------------+--------------------+-------------------+-------------------+
| 7.00000000000000 |  -1.00000000000000 | 20.00000000000000 | -2.00000000000000 |
+------------------+--------------------+-------------------+-------------------+
| 1.00000000000000 | -14.00000000000000 |  8.00000000000000 |  8.00000000000000 |
+------------------+--------------------+-------------------+-------------------+
MATRIZ MARCAS ANTES DEL PIVOTEO TOTAL[1, 2, 3]
DESPUES DEL PIVOTEO TOTAL
+-------------------+--------------------+------------------+-------------------+
| 20.00000000000000 |  -1.00000000000000 | 7.00000000000000 | -2.00000000000000 |
+-------------------+--------------------+------------------+-------------------+
|  3.00000000000000 |   2.00000000000000 | 0.00000000000000 |  4.00000000000000 |
+-------------------+--------------------+------------------+-------------------+
|  8.00000000000000 | -14.00000000000000 | 1.00000000000000 |  8.00000000000000 |
+-------------------+--------------------+------------------+-------------------+
MATRIZ MARCAS DESPUES DEL PIVOTEO TOTAL[3, 2, 1]
ETAPA 1
Objetivo: Poner ceros bajo el elemento A11 = 20.0

ANTES DEL PIVOTEO TOTAL
+-------------------+--------------------+-------------------+-------------------+
| 20.00000000000000 |  -1.00000000000000 |  7.00000000000000 | -2.00000000000000 |
+-------------------+--------------------+-------------------+-------------------+
|  0.00000000000000 |   2.15000000000000 | -1.05000000000000 |  4.30000000000000 |
+-------------------+--------------------+-------------------+-------------------+
|  0.00000000000000 | -13.60000000000000 | -1.80000000000000 |  8.80000000000000 |
+-------------------+--------------------+-------------------+-------------------+
MATRIZ MARCAS ANTES DEL PIVOTEO TOTAL[3, 2, 1]
DESPUES DEL PIVOTEO TOTAL
+-------------------+--------------------+-------------------+-------------------+
| 20.00000000000000 |  -1.00000000000000 |  7.00000000000000 | -2.00000000000000 |
+-------------------+--------------------+-------------------+-------------------+
|  0.00000000000000 | -13.60000000000000 | -1.80000000000000 |  8.80000000000000 |
+-------------------+--------------------+-------------------+-------------------+
|  0.00000000000000 |   2.15000000000000 | -1.05000000000000 |  4.30000000000000 |
+-------------------+--------------------+-------------------+-------------------+
MATRIZ MARCAS DESPUES DEL PIVOTEO TOTAL[3, 2, 1]
ETAPA 2
Objetivo: Poner ceros bajo el elemento A22 = -13.6

   MATRIZ TRIANGULAR SUPERIOR
+-------------------+--------------------+-------------------+-------------------+
| 20.00000000000000 |  -1.00000000000000 |  7.00000000000000 | -2.00000000000000 |
+-------------------+--------------------+-------------------+-------------------+
|  0.00000000000000 | -13.60000000000000 | -1.80000000000000 |  8.80000000000000 |
+-------------------+--------------------+-------------------+-------------------+
|  0.00000000000000 |   0.00000000000000 | -1.33455882352941 |  5.69117647058824 |
+-------------------+--------------------+-------------------+-------------------+